00010010000011000100000100000000000000000000000000000
00011101100000000010000110110000000000000000000000001
00011000100000000010000110110000000000000000000000001
11010100000000000000000000000000000000000000000000000
00010010000011000100000100000100000000000000000000000
00011001100000000010000110110000010000000000000000001
00010111100000000010000110110000010000000000000000001
00101100100010000100000000001100000000100000100001000
00010010000011000100000100001000000000000000000000000
00100010010000000000000000000000000101000000000110010
00100010010000000000000000000000000101000000000110010
00010010000000100000100110000000000000000000000000001
00010010000011000001000100000000000000000000000000000
00010010000010000010000001010000010000000000000000000
00011100100000000010000000000000000000000000000000000
01010000000000000000000000000011100000000000000000000
01010001000000000000000000000011000000000000000000000
00100001100000110000000000000000000000000000000000000
00100001100000110000000000000000000000000000000000000
00010010000010110000101110000000000000000000000000001
00010010000010110000101001100000010000000000000000000
00010010000000100000100001000000010000000000000000000
00010000010000000100000000001100100000000000000000000
00010001010000000100000000001100000000000000000000000
01011001010000000000000000000010000000000000000000000
00000000000000000000000000000000000000000000000000000
00010010000011001000000000000000100000000000000000000
01011100010010010000001000000010100000000000000000000
01011101010000000000000000000010000000000000000000000
00010010000000101000010000000000100000000000000000000
00010010000011001000000000000000000000000000000000000
00000000000100000000000000000000000000000000000000000
01100001010000000000000000000010100000000000000000000
00110110000010000000000000000000000000000100010001100
00100000001000001000000000000000100000000000000000000
01100100000000000000000000000011100000000000000000000
01100101000000000000000000000011100000000000000000000
00101111100010000000000000000000000000100001000000100
00101000100000000000000000000000000010000000000000000
01101000010000000000000000000010100000000000000000000
01101001010000000000000000000010100000000000000000000
00010010000000101000010000000000100000000000000000000
00110000000000001000000000000000100000000000000110000
01101100010000000000000000000010100000000000000000000
00000000000000000000000000000000000000000000000000000
00101001100010000100000000001100000000100000100001000
00100101010000000000000000000000001000000000000000000
00010010000010000000000000000000000000000000001000100
00000000000000000000000000000000000000000000000000000
00000000000000000000000000000000000000000000000000000
00000000000000000000000000000000000000000000000000000
00000000000000000000000000000000000000000000000000000
00000000000000000000000000000000000000000000000000000
00100100100010000000000000000000000000100001000000100
00000000000000000000000000000000000000000000000000000
00000000000000000000000000000000000000000000000000000
00000000000000000000000000000000000000000000000000000
00000000000000000000000000000000000000000000000000000
00000000000000000000000000000000000000000000000000000
00000000000000000000000000000000000000000000000000000
00000000000000000000000000000000000000000000000000000
00000000000000000000000000000000000000000000000000000
00000000000000000000000000000000000000000000000000000
